 n P T e- H2 H H+ H- VO TiO CO2 He H2O CH4 CO NH3 N2 PH3 H2S  Fe Na  K 	
   3160.0000000000000     
  1  0.17780E-03  446.90 0.450E-37 0.836E+00 0.910E-21 0.450E-37 0.450E-37 0.450E-37 0.450E-37 0.176E-11 0.162E+00 0.819E-03 0.465E-03 0.419E-11 0.146E-05 0.677E-04 0.375E-22 0.254E-04 0.450E-37 0.450E-37 0.450E-37
  2  0.20770E-03  449.16 0.450E-37 0.836E+00 0.113E-20 0.450E-37 0.450E-37 0.450E-37 0.450E-37 0.163E-11 0.162E+00 0.819E-03 0.465E-03 0.409E-11 0.160E-05 0.677E-04 0.546E-22 0.254E-04 0.450E-37 0.450E-37 0.450E-37
  3  0.24250E-03  451.69 0.450E-37 0.836E+00 0.146E-20 0.450E-37 0.450E-37 0.450E-37 0.450E-37 0.155E-11 0.162E+00 0.819E-03 0.465E-03 0.413E-11 0.173E-05 0.676E-04 0.816E-22 0.254E-04 0.450E-37 0.450E-37 0.450E-37
  4  0.28320E-03  454.46 0.450E-37 0.836E+00 0.192E-20 0.450E-37 0.450E-37 0.450E-37 0.450E-37 0.151E-11 0.162E+00 0.819E-03 0.465E-03 0.428E-11 0.187E-05 0.676E-04 0.125E-21 0.254E-04 0.450E-37 0.450E-37 0.450E-37
  5  0.33070E-03  457.48 0.450E-37 0.836E+00 0.261E-20 0.450E-37 0.450E-37 0.450E-37 0.450E-37 0.149E-11 0.162E+00 0.819E-03 0.465E-03 0.455E-11 0.200E-05 0.675E-04 0.196E-21 0.254E-04 0.450E-37 0.450E-37 0.450E-37
  6  0.38630E-03  460.75 0.450E-37 0.836E+00 0.363E-20 0.450E-37 0.450E-37 0.450E-37 0.450E-37 0.151E-11 0.162E+00 0.819E-03 0.465E-03 0.496E-11 0.213E-05 0.673E-04 0.313E-21 0.254E-04 0.450E-37 0.450E-37 0.450E-37
  7  0.45110E-03  464.26 0.450E-37 0.836E+00 0.518E-20 0.450E-37 0.450E-37 0.450E-37 0.450E-37 0.156E-11 0.162E+00 0.819E-03 0.465E-03 0.553E-11 0.225E-05 0.672E-04 0.512E-21 0.254E-04 0.450E-37 0.450E-37 0.450E-37
  8  0.52680E-03  468.01 0.450E-37 0.836E+00 0.755E-20 0.450E-37 0.450E-37 0.450E-37 0.450E-37 0.163E-11 0.162E+00 0.819E-03 0.465E-03 0.631E-11 0.237E-05 0.671E-04 0.853E-21 0.254E-04 0.450E-37 0.450E-37 0.450E-37
  9  0.61520E-03  472.01 0.450E-37 0.836E+00 0.113E-19 0.450E-37 0.450E-37 0.450E-37 0.450E-37 0.175E-11 0.162E+00 0.819E-03 0.465E-03 0.736E-11 0.249E-05 0.671E-04 0.145E-20 0.254E-04 0.450E-37 0.450E-37 0.450E-37
 10  0.71840E-03  476.25 0.792E-37 0.836E+00 0.171E-19 0.450E-37 0.450E-37 0.450E-37 0.450E-37 0.190E-11 0.162E+00 0.819E-03 0.465E-03 0.876E-11 0.260E-05 0.671E-04 0.251E-20 0.254E-04 0.831E-37 0.556E-36 0.259E-36
 11  0.83900E-03  480.69 0.552E-36 0.836E+00 0.264E-19 0.450E-37 0.450E-37 0.450E-37 0.450E-37 0.209E-11 0.162E+00 0.819E-03 0.465E-03 0.106E-10 0.270E-05 0.671E-04 0.438E-20 0.254E-04 0.693E-36 0.374E-32 0.115E-33
 12  0.97970E-03  485.36 0.378E-35 0.836E+00 0.414E-19 0.450E-37 0.450E-37 0.450E-37 0.450E-37 0.233E-11 0.162E+00 0.819E-03 0.465E-03 0.130E-10 0.280E-05 0.671E-04 0.776E-20 0.254E-04 0.583E-35 0.311E-28 0.552E-31
 13  0.11442E-02  490.32 0.261E-34 0.836E+00 0.664E-19 0.450E-37 0.450E-37 0.450E-37 0.450E-37 0.264E-11 0.162E+00 0.819E-03 0.465E-03 0.163E-10 0.288E-05 0.669E-04 0.140E-19 0.254E-04 0.504E-34 0.353E-24 0.310E-28
 14  0.13362E-02  495.59 0.182E-33 0.836E+00 0.109E-18 0.450E-37 0.450E-37 0.450E-37 0.450E-37 0.304E-11 0.162E+00 0.819E-03 0.465E-03 0.208E-10 0.295E-05 0.668E-04 0.258E-19 0.254E-04 0.450E-33 0.562E-20 0.205E-25
 15  0.15604E-02  501.53 0.112E-32 0.836E+00 0.189E-18 0.450E-37 0.450E-37 0.450E-37 0.450E-37 0.368E-11 0.162E+00 0.819E-03 0.465E-03 0.283E-10 0.299E-05 0.668E-04 0.498E-19 0.254E-04 0.340E-32 0.177E-16 0.522E-23
 16  0.18223E-02  508.45 0.373E-32 0.836E+00 0.358E-18 0.450E-37 0.450E-37 0.450E-37 0.450E-37 0.478E-11 0.162E+00 0.819E-03 0.465E-03 0.418E-10 0.296E-05 0.668E-04 0.104E-18 0.254E-04 0.113E-31 0.374E-16 0.188E-22
 17  0.21281E-02  514.99 0.110E-31 0.836E+00 0.641E-18 0.450E-37 0.450E-37 0.450E-37 0.450E-37 0.593E-11 0.162E+00 0.819E-03 0.465E-03 0.584E-10 0.298E-05 0.669E-04 0.205E-18 0.254E-04 0.336E-31 0.734E-16 0.594E-22
 18  0.24852E-02  520.53 0.257E-31 0.836E+00 0.102E-17 0.450E-37 0.450E-37 0.450E-37 0.450E-37 0.672E-11 0.162E+00 0.819E-03 0.465E-03 0.730E-10 0.307E-05 0.669E-04 0.368E-18 0.254E-04 0.807E-31 0.125E-15 0.145E-21
 19  0.29022E-02  525.23 0.501E-31 0.836E+00 0.149E-17 0.450E-37 0.450E-37 0.450E-37 0.450E-37 0.708E-11 0.162E+00 0.819E-03 0.465E-03 0.835E-10 0.323E-05 0.670E-04 0.610E-18 0.254E-04 0.163E-30 0.189E-15 0.291E-21
 20  0.33893E-02  528.85 0.831E-31 0.836E+00 0.194E-17 0.450E-37 0.450E-37 0.450E-37 0.450E-37 0.684E-11 0.162E+00 0.819E-03 0.465E-03 0.858E-10 0.348E-05 0.667E-04 0.919E-18 0.254E-04 0.268E-30 0.250E-15 0.471E-21
 21  0.39580E-02  532.10 0.126E-30 0.836E+00 0.244E-17 0.450E-37 0.450E-37 0.450E-37 0.450E-37 0.640E-11 0.162E+00 0.819E-03 0.465E-03 0.849E-10 0.378E-05 0.663E-04 0.134E-17 0.254E-04 0.407E-30 0.314E-15 0.697E-21
 22  0.46223E-02  535.45 0.193E-30 0.836E+00 0.308E-17 0.450E-37 0.450E-37 0.450E-37 0.450E-37 0.602E-11 0.162E+00 0.819E-03 0.465E-03 0.844E-10 0.410E-05 0.661E-04 0.196E-17 0.254E-04 0.628E-30 0.397E-15 0.104E-20
 23  0.53979E-02  538.87 0.294E-30 0.836E+00 0.390E-17 0.450E-37 0.450E-37 0.450E-37 0.450E-37 0.568E-11 0.162E+00 0.819E-03 0.465E-03 0.842E-10 0.445E-05 0.659E-04 0.288E-17 0.254E-04 0.971E-30 0.504E-15 0.156E-20
 24  0.63038E-02  542.38 0.446E-30 0.836E+00 0.495E-17 0.450E-37 0.450E-37 0.450E-37 0.450E-37 0.537E-11 0.162E+00 0.819E-03 0.465E-03 0.843E-10 0.483E-05 0.657E-04 0.424E-17 0.254E-04 0.151E-29 0.642E-15 0.234E-20
 25  0.73617E-02  545.94 0.673E-30 0.836E+00 0.629E-17 0.450E-37 0.450E-37 0.450E-37 0.450E-37 0.508E-11 0.162E+00 0.819E-03 0.465E-03 0.844E-10 0.524E-05 0.656E-04 0.625E-17 0.254E-04 0.236E-29 0.820E-15 0.352E-20
 26  0.85971E-02  549.53 0.100E-29 0.836E+00 0.798E-17 0.450E-37 0.450E-37 0.450E-37 0.450E-37 0.480E-11 0.162E+00 0.819E-03 0.465E-03 0.844E-10 0.569E-05 0.656E-04 0.919E-17 0.254E-04 0.367E-29 0.104E-14 0.524E-20
 27  0.10040E-01  552.90 0.149E-29 0.836E+00 0.991E-17 0.450E-37 0.450E-37 0.450E-37 0.450E-37 0.446E-11 0.162E+00 0.819E-03 0.465E-03 0.826E-10 0.620E-05 0.654E-04 0.133E-16 0.254E-04 0.547E-29 0.129E-14 0.750E-20
 28  0.11725E-01  556.42 0.231E-29 0.836E+00 0.124E-16 0.450E-37 0.450E-37 0.450E-37 0.450E-37 0.417E-11 0.162E+00 0.819E-03 0.465E-03 0.816E-10 0.672E-05 0.648E-04 0.193E-16 0.254E-04 0.830E-29 0.162E-14 0.111E-19
 29  0.13692E-01  560.37 0.379E-29 0.836E+00 0.160E-16 0.450E-37 0.450E-37 0.450E-37 0.450E-37 0.400E-11 0.162E+00 0.819E-03 0.465E-03 0.832E-10 0.723E-05 0.643E-04 0.287E-16 0.254E-04 0.134E-28 0.211E-14 0.174E-19
 30  0.15990E-01  564.79 0.659E-29 0.836E+00 0.215E-16 0.450E-37 0.450E-37 0.450E-37 0.450E-37 0.395E-11 0.162E+00 0.819E-03 0.465E-03 0.877E-10 0.773E-05 0.640E-04 0.442E-16 0.254E-04 0.230E-28 0.286E-14 0.296E-19
 31  0.18673E-01  569.74 0.122E-28 0.836E+00 0.298E-16 0.450E-37 0.450E-37 0.450E-37 0.450E-37 0.402E-11 0.162E+00 0.819E-03 0.465E-03 0.960E-10 0.821E-05 0.638E-04 0.701E-16 0.254E-04 0.424E-28 0.408E-14 0.542E-19
 32  0.21807E-01  575.53 0.254E-28 0.836E+00 0.440E-16 0.450E-37 0.450E-37 0.450E-37 0.450E-37 0.430E-11 0.162E+00 0.819E-03 0.465E-03 0.111E-09 0.860E-05 0.638E-04 0.117E-15 0.254E-04 0.874E-28 0.627E-14 0.113E-18
 33  0.25466E-01  582.16 0.607E-28 0.836E+00 0.687E-16 0.450E-37 0.450E-37 0.450E-37 0.450E-37 0.482E-11 0.162E+00 0.819E-03 0.465E-03 0.137E-09 0.889E-05 0.638E-04 0.205E-15 0.254E-04 0.201E-27 0.103E-13 0.271E-18
 34  0.29740E-01  588.82 0.144E-27 0.836E+00 0.106E-15 0.450E-37 0.450E-37 0.450E-37 0.450E-37 0.536E-11 0.162E+00 0.819E-03 0.465E-03 0.167E-09 0.922E-05 0.639E-04 0.355E-15 0.254E-04 0.453E-27 0.168E-13 0.634E-18
 35  0.34731E-01  595.36 0.332E-27 0.836E+00 0.161E-15 0.450E-37 0.450E-37 0.450E-37 0.450E-37 0.586E-11 0.162E+00 0.819E-03 0.465E-03 0.199E-09 0.955E-05 0.632E-04 0.605E-15 0.254E-04 0.984E-27 0.267E-13 0.142E-17
 36  0.40559E-01  601.70 0.716E-27 0.836E+00 0.238E-15 0.450E-37 0.546E-37 0.450E-37 0.450E-37 0.628E-11 0.162E+00 0.819E-03 0.465E-03 0.232E-09 0.995E-05 0.627E-04 0.101E-14 0.254E-04 0.204E-26 0.411E-13 0.300E-17
 37  0.47366E-01  608.11 0.151E-26 0.836E+00 0.350E-15 0.450E-37 0.109E-36 0.450E-37 0.450E-37 0.673E-11 0.162E+00 0.819E-03 0.465E-03 0.270E-09 0.104E-04 0.622E-04 0.167E-14 0.254E-04 0.417E-26 0.627E-13 0.636E-17
 38  0.55314E-01  615.02 0.333E-26 0.836E+00 0.528E-15 0.450E-37 0.217E-36 0.450E-37 0.450E-37 0.735E-11 0.162E+00 0.819E-03 0.465E-03 0.321E-09 0.108E-04 0.618E-04 0.283E-14 0.254E-04 0.897E-26 0.988E-13 0.142E-16
 39  0.64597E-01  622.54 0.786E-26 0.836E+00 0.822E-15 0.450E-37 0.429E-36 0.450E-37 0.450E-37 0.824E-11 0.162E+00 0.819E-03 0.465E-03 0.394E-09 0.111E-04 0.617E-04 0.492E-14 0.254E-04 0.204E-25 0.162E-12 0.339E-16
 40  0.75437E-01  630.71 0.197E-25 0.836E+00 0.132E-14 0.450E-37 0.842E-36 0.450E-37 0.450E-37 0.947E-11 0.162E+00 0.819E-03 0.465E-03 0.499E-09 0.114E-04 0.618E-04 0.877E-14 0.254E-04 0.494E-25 0.275E-12 0.864E-16
 41  0.88097E-01  639.54 0.525E-25 0.836E+00 0.218E-14 0.450E-37 0.162E-35 0.450E-37 0.450E-37 0.111E-10 0.162E+00 0.819E-03 0.465E-03 0.650E-09 0.117E-04 0.621E-04 0.160E-13 0.254E-04 0.126E-24 0.485E-12 0.234E-15
 42  0.10288E+00  649.17 0.150E-24 0.836E+00 0.372E-14 0.450E-37 0.311E-35 0.450E-37 0.450E-37 0.135E-10 0.162E+00 0.819E-03 0.465E-03 0.877E-09 0.118E-04 0.625E-04 0.301E-13 0.254E-04 0.342E-24 0.893E-12 0.683E-15
 43  0.12015E+00  659.60 0.511E-24 0.836E+00 0.657E-14 0.450E-37 0.156E-34 0.192E-36 0.450E-37 0.168E-10 0.162E+00 0.819E-03 0.465E-03 0.122E-08 0.118E-04 0.618E-04 0.579E-13 0.254E-04 0.984E-24 0.170E-11 0.217E-14
 44  0.14031E+00  670.62 0.177E-23 0.836E+00 0.118E-13 0.450E-37 0.876E-34 0.898E-36 0.450E-37 0.212E-10 0.162E+00 0.819E-03 0.465E-03 0.173E-08 0.117E-04 0.615E-04 0.113E-12 0.254E-04 0.291E-23 0.331E-11 0.714E-14
 45  0.16385E+00  682.26 0.621E-23 0.836E+00 0.214E-13 0.450E-37 0.499E-33 0.405E-35 0.450E-37 0.271E-10 0.162E+00 0.819E-03 0.465E-03 0.249E-08 0.117E-04 0.614E-04 0.221E-12 0.254E-04 0.884E-23 0.655E-11 0.241E-13
 46  0.19135E+00  694.60 0.221E-22 0.836E+00 0.394E-13 0.450E-37 0.291E-32 0.176E-34 0.450E-37 0.351E-10 0.162E+00 0.819E-03 0.465E-03 0.362E-08 0.116E-04 0.618E-04 0.441E-12 0.254E-04 0.277E-22 0.132E-10 0.843E-13
 47  0.22346E+00  707.72 0.885E-22 0.836E+00 0.740E-13 0.450E-37 0.194E-31 0.955E-34 0.832E-37 0.463E-10 0.162E+00 0.819E-03 0.465E-03 0.539E-08 0.115E-04 0.621E-04 0.890E-12 0.254E-04 0.894E-22 0.272E-10 0.305E-12
 48  0.26096E+00  721.82 0.401E-21 0.836E+00 0.142E-12 0.450E-37 0.147E-30 0.652E-33 0.230E-36 0.623E-10 0.162E+00 0.819E-03 0.465E-03 0.822E-08 0.113E-04 0.624E-04 0.183E-11 0.254E-04 0.301E-21 0.574E-10 0.117E-11
 49  0.30476E+00  737.03 0.194E-20 0.836E+00 0.281E-12 0.450E-37 0.121E-29 0.480E-32 0.604E-36 0.858E-10 0.162E+00 0.819E-03 0.465E-03 0.129E-07 0.110E-04 0.628E-04 0.383E-11 0.254E-04 0.107E-20 0.126E-09 0.483E-11
 50  0.35590E+00  753.33 0.935E-20 0.836E+00 0.568E-12 0.450E-37 0.101E-28 0.374E-31 0.200E-35 0.120E-09 0.162E+00 0.819E-03 0.465E-03 0.206E-07 0.106E-04 0.626E-04 0.816E-11 0.254E-04 0.394E-20 0.281E-09 0.192E-10
 51  0.41562E+00  770.75 0.421E-19 0.836E+00 0.117E-11 0.450E-37 0.792E-28 0.305E-30 0.219E-34 0.172E-09 0.162E+00 0.819E-03 0.465E-03 0.336E-07 0.102E-04 0.624E-04 0.176E-10 0.254E-04 0.149E-19 0.642E-09 0.629E-10
 52  0.48537E+00  789.39 0.209E-18 0.836E+00 0.243E-11 0.450E-37 0.692E-27 0.261E-29 0.254E-33 0.248E-09 0.162E+00 0.819E-03 0.465E-03 0.558E-07 0.981E-05 0.626E-04 0.384E-10 0.254E-04 0.585E-19 0.150E-08 0.237E-09
 53  0.56682E+00  809.34 0.955E-18 0.836E+00 0.517E-11 0.450E-37 0.560E-26 0.233E-28 0.309E-32 0.365E-09 0.162E+00 0.819E-03 0.465E-03 0.943E-07 0.940E-05 0.629E-04 0.846E-10 0.254E-04 0.236E-18 0.355E-08 0.774E-09
 54  0.66194E+00  830.64 0.369E-17 0.836E+00 0.111E-10 0.450E-37 0.386E-25 0.214E-27 0.389E-31 0.544E-09 0.162E+00 0.819E-03 0.465E-03 0.161E-06 0.896E-05 0.633E-04 0.188E-09 0.254E-04 0.969E-18 0.853E-08 0.190E-08
 55  0.77303E+00  853.38 0.145E-16 0.836E+00 0.241E-10 0.450E-37 0.272E-24 0.203E-26 0.507E-30 0.818E-09 0.162E+00 0.818E-03 0.465E-03 0.279E-06 0.854E-05 0.639E-04 0.421E-09 0.255E-04 0.406E-17 0.207E-07 0.466E-08
 56  0.90275E+00  877.78 0.524E-16 0.836E+00 0.532E-10 0.450E-37 0.177E-23 0.198E-25 0.687E-29 0.125E-08 0.162E+00 0.818E-03 0.464E-03 0.491E-06 0.808E-05 0.643E-04 0.950E-09 0.255E-04 0.174E-16 0.511E-07 0.104E-07
 57  0.10543E+01  904.04 0.193E-15 0.836E+00 0.119E-09 0.450E-37 0.118E-22 0.202E-24 0.970E-28 0.193E-08 0.162E+00 0.818E-03 0.464E-03 0.877E-06 0.762E-05 0.646E-04 0.216E-08 0.255E-04 0.765E-16 0.128E-06 0.233E-07
 58  0.12312E+01  931.97 0.623E-15 0.836E+00 0.266E-09 0.450E-37 0.693E-22 0.205E-23 0.137E-26 0.298E-08 0.162E+00 0.817E-03 0.463E-03 0.156E-05 0.715E-05 0.645E-04 0.491E-08 0.257E-04 0.336E-15 0.319E-06 0.428E-07
 59  0.14378E+01  961.53 0.193E-14 0.836E+00 0.595E-09 0.450E-37 0.388E-21 0.206E-22 0.191E-25 0.458E-08 0.162E+00 0.814E-03 0.460E-03 0.277E-05 0.673E-05 0.647E-04 0.111E-07 0.260E-04 0.146E-14 0.770E-06 0.732E-07
 60  0.16791E+01  992.84 0.553E-14 0.836E+00 0.132E-08 0.450E-37 0.200E-20 0.204E-21 0.262E-24 0.697E-08 0.162E+00 0.811E-03 0.457E-03 0.487E-05 0.634E-05 0.649E-04 0.250E-07 0.266E-04 0.627E-14 0.180E-05 0.110E-06
 61  0.19608E+01 1026.63 0.138E-13 0.836E+00 0.297E-08 0.450E-37 0.898E-20 0.207E-20 0.370E-23 0.102E-07 0.162E+00 0.795E-03 0.441E-03 0.829E-05 0.595E-05 0.651E-04 0.555E-07 0.268E-04 0.272E-13 0.231E-05 0.127E-06
 62  0.22899E+01 1055.21 0.273E-13 0.836E+00 0.557E-08 0.450E-37 0.289E-19 0.126E-19 0.294E-22 0.132E-07 0.162E+00 0.789E-03 0.434E-03 0.121E-04 0.583E-05 0.652E-04 0.105E-06 0.269E-04 0.844E-13 0.257E-05 0.135E-06
 63  0.26742E+01 1103.38 0.866E-13 0.836E+00 0.156E-07 0.450E-37 0.186E-18 0.234E-18 0.821E-21 0.243E-07 0.162E+00 0.783E-03 0.427E-03 0.267E-04 0.520E-05 0.659E-04 0.253E-06 0.273E-04 0.544E-12 0.346E-05 0.155E-06
 64  0.31229E+01 1153.46 0.242E-12 0.836E+00 0.415E-07 0.450E-37 0.102E-17 0.378E-17 0.197E-19 0.371E-07 0.162E+00 0.748E-03 0.392E-03 0.499E-04 0.467E-05 0.661E-04 0.366E-06 0.273E-04 0.314E-11 0.347E-05 0.161E-06
 65  0.36470E+01 1205.50 0.640E-12 0.836E+00 0.105E-06 0.450E-37 0.517E-17 0.528E-16 0.403E-18 0.530E-07 0.162E+00 0.711E-03 0.354E-03 0.869E-04 0.424E-05 0.662E-04 0.471E-06 0.273E-04 0.165E-10 0.348E-05 0.167E-06
 66  0.42590E+01 1259.52 0.161E-11 0.836E+00 0.252E-06 0.450E-37 0.239E-16 0.653E-15 0.722E-17 0.588E-07 0.162E+00 0.647E-03 0.283E-03 0.122E-03 0.390E-05 0.662E-04 0.444E-06 0.272E-04 0.784E-10 0.350E-05 0.175E-06
 67  0.49737E+01 1315.58 0.386E-11 0.836E+00 0.580E-06 0.450E-37 0.103E-15 0.700E-14 0.110E-15 0.674E-07 0.162E+00 0.602E-03 0.232E-03 0.171E-03 0.363E-05 0.664E-04 0.418E-06 0.272E-04 0.343E-09 0.352E-05 0.184E-06
 68  0.58084E+01 1373.69 0.889E-11 0.837E+00 0.128E-05 0.450E-37 0.414E-15 0.659E-13 0.144E-14 0.707E-07 0.162E+00 0.560E-03 0.181E-03 0.218E-03 0.342E-05 0.665E-04 0.386E-06 0.272E-04 0.138E-08 0.356E-05 0.194E-06
 69  0.67832E+01 1433.91 0.196E-10 0.837E+00 0.270E-05 0.450E-37 0.155E-14 0.547E-12 0.161E-13 0.731E-07 0.162E+00 0.524E-03 0.142E-03 0.270E-03 0.325E-05 0.666E-04 0.354E-06 0.272E-04 0.511E-08 0.359E-05 0.205E-06
 70  0.79215E+01 1496.27 0.417E-10 0.837E+00 0.548E-05 0.450E-37 0.543E-14 0.407E-11 0.159E-12 0.734E-07 0.162E+00 0.487E-03 0.114E-03 0.324E-03 0.312E-05 0.668E-04 0.326E-06 0.272E-04 0.176E-07 0.363E-05 0.216E-06
 71  0.92508E+01 1560.79 0.844E-10 0.837E+00 0.107E-04 0.577E-37 0.177E-13 0.270E-10 0.123E-11 0.693E-07 0.162E+00 0.456E-03 0.880E-04 0.361E-03 0.302E-05 0.669E-04 0.293E-06 0.270E-04 0.563E-07 0.365E-05 0.224E-06
 72  0.10803E+02 1627.54 0.164E-09 0.837E+00 0.202E-04 0.328E-36 0.544E-13 0.159E-09 0.839E-11 0.650E-07 0.162E+00 0.440E-03 0.653E-04 0.385E-03 0.296E-05 0.669E-04 0.262E-06 0.263E-04 0.169E-06 0.367E-05 0.230E-06
 73  0.12616E+02 1696.51 0.307E-09 0.837E+00 0.368E-04 0.151E-34 0.157E-12 0.831E-09 0.501E-10 0.621E-07 0.162E+00 0.443E-03 0.466E-04 0.399E-03 0.291E-05 0.668E-04 0.231E-06 0.252E-04 0.473E-06 0.368E-05 0.233E-06
 74  0.14733E+02 1767.72 0.553E-09 0.837E+00 0.649E-04 0.594E-33 0.426E-12 0.309E-08 0.262E-09 0.625E-07 0.162E+00 0.471E-03 0.325E-04 0.409E-03 0.290E-05 0.667E-04 0.201E-06 0.244E-04 0.124E-05 0.368E-05 0.235E-06
 75  0.17206E+02 1808.67 0.733E-09 0.837E+00 0.850E-04 0.402E-32 0.730E-12 0.540E-08 0.598E-09 0.622E-07 0.162E+00 0.484E-03 0.309E-04 0.414E-03 0.310E-05 0.666E-04 0.192E-06 0.241E-04 0.194E-05 0.368E-05 0.235E-06
 76  0.20093E+02 1916.13 0.162E-08 0.836E+00 0.183E-03 0.515E-30 0.268E-11 0.646E-08 0.540E-08 0.632E-07 0.162E+00 0.516E-03 0.182E-04 0.437E-03 0.294E-05 0.667E-04 0.155E-06 0.234E-04 0.680E-05 0.368E-05 0.235E-06
 77  0.23465E+02 1994.03 0.267E-08 0.836E+00 0.295E-03 0.119E-28 0.630E-11 0.561E-08 0.222E-07 0.593E-07 0.162E+00 0.509E-03 0.149E-04 0.445E-03 0.300E-05 0.667E-04 0.136E-06 0.234E-04 0.146E-04 0.368E-05 0.235E-06
 78  0.27403E+02 2074.22 0.428E-08 0.836E+00 0.464E-03 0.236E-27 0.142E-10 0.469E-08 0.792E-07 0.559E-07 0.162E+00 0.503E-03 0.125E-04 0.450E-03 0.308E-05 0.667E-04 0.119E-06 0.233E-04 0.285E-04 0.367E-05 0.233E-06
 79  0.32002E+02 2156.32 0.667E-08 0.836E+00 0.709E-03 0.395E-26 0.304E-10 0.387E-08 0.130E-06 0.527E-07 0.162E+00 0.502E-03 0.105E-04 0.450E-03 0.318E-05 0.666E-04 0.105E-06 0.232E-04 0.431E-04 0.366E-05 0.231E-06
 80  0.37372E+02 2240.40 0.101E-07 0.836E+00 0.106E-02 0.569E-25 0.627E-10 0.318E-08 0.142E-06 0.499E-07 0.162E+00 0.504E-03 0.904E-05 0.448E-03 0.330E-05 0.663E-04 0.915E-07 0.230E-04 0.504E-04 0.365E-05 0.227E-06
 81  0.43644E+02 2326.56 0.150E-07 0.835E+00 0.154E-02 0.714E-24 0.124E-09 0.259E-08 0.138E-06 0.476E-07 0.162E+00 0.503E-03 0.803E-05 0.448E-03 0.344E-05 0.661E-04 0.804E-07 0.228E-04 0.539E-04 0.363E-05 0.222E-06
 82  0.50968E+02 2414.08 0.217E-07 0.834E+00 0.218E-02 0.769E-23 0.237E-09 0.211E-08 0.132E-06 0.455E-07 0.162E+00 0.502E-03 0.735E-05 0.449E-03 0.362E-05 0.659E-04 0.711E-07 0.225E-04 0.537E-04 0.362E-05 0.217E-06
 83  0.59521E+02 2503.10 0.306E-07 0.834E+00 0.302E-02 0.724E-22 0.434E-09 0.172E-08 0.125E-06 0.436E-07 0.162E+00 0.500E-03 0.691E-05 0.451E-03 0.383E-05 0.657E-04 0.634E-07 0.221E-04 0.535E-04 0.360E-05 0.210E-06
 84  0.69509E+02 2593.77 0.422E-07 0.833E+00 0.410E-02 0.604E-21 0.770E-09 0.142E-08 0.116E-06 0.420E-07 0.162E+00 0.499E-03 0.663E-05 0.452E-03 0.408E-05 0.655E-04 0.568E-07 0.217E-04 0.533E-04 0.358E-05 0.202E-06
 85  0.81174E+02 2685.28 0.570E-07 0.831E+00 0.545E-02 0.441E-20 0.132E-08 0.117E-08 0.107E-06 0.406E-07 0.162E+00 0.497E-03 0.650E-05 0.453E-03 0.436E-05 0.654E-04 0.515E-07 0.213E-04 0.531E-04 0.355E-05 0.193E-06
 86  0.94796E+02 2777.71 0.754E-07 0.830E+00 0.709E-02 0.286E-19 0.218E-08 0.980E-09 0.969E-07 0.393E-07 0.162E+00 0.496E-03 0.651E-05 0.454E-03 0.469E-05 0.652E-04 0.473E-07 0.209E-04 0.529E-04 0.352E-05 0.183E-06
 87  0.11070E+03 2871.25 0.977E-07 0.828E+00 0.905E-02 0.167E-18 0.350E-08 0.830E-09 0.873E-07 0.381E-07 0.161E+00 0.498E-03 0.653E-05 0.451E-03 0.505E-05 0.647E-04 0.432E-07 0.204E-04 0.526E-04 0.349E-05 0.172E-06
 88  0.12928E+03 2965.56 0.124E-06 0.826E+00 0.114E-01 0.879E-18 0.546E-08 0.710E-09 0.780E-07 0.371E-07 0.161E+00 0.501E-03 0.665E-05 0.447E-03 0.545E-05 0.640E-04 0.395E-07 0.198E-04 0.522E-04 0.344E-05 0.159E-06
 89  0.15098E+03 3060.50 0.155E-06 0.823E+00 0.140E-01 0.419E-17 0.828E-08 0.611E-09 0.692E-07 0.362E-07 0.161E+00 0.503E-03 0.692E-05 0.445E-03 0.591E-05 0.633E-04 0.364E-07 0.192E-04 0.518E-04 0.338E-05 0.147E-06
 90  0.17631E+03 3156.21 0.190E-06 0.820E+00 0.170E-01 0.183E-16 0.123E-07 0.530E-09 0.610E-07 0.354E-07 0.161E+00 0.505E-03 0.732E-05 0.443E-03 0.642E-05 0.627E-04 0.340E-07 0.187E-04 0.514E-04 0.332E-05 0.135E-06
 91  0.20590E+03 3252.79 0.231E-06 0.817E+00 0.204E-01 0.735E-16 0.178E-07 0.462E-09 0.536E-07 0.347E-07 0.161E+00 0.506E-03 0.786E-05 0.442E-03 0.701E-05 0.621E-04 0.320E-07 0.182E-04 0.509E-04 0.326E-05 0.124E-06
