 n P T e- H2 H H+ H- VO TiO CO2 He H2O CH4 CO NH3 N2 PH3 H2S  Fe Na  K 	
   316.00000000000000     
  1  0.17780E-03  761.78 0.172E-15 0.837E+00 0.376E-10 0.450E-37 0.527E-26 0.342E-27 0.259E-31 0.109E-05 0.162E+00 0.361E-03 0.394E-05 0.455E-03 0.506E-08 0.685E-04 0.129E-12 0.261E-04 0.164E-16 0.763E-06 0.593E-07
  2  0.20500E-03  767.21 0.211E-15 0.837E+00 0.448E-10 0.450E-37 0.804E-26 0.595E-27 0.494E-31 0.105E-05 0.162E+00 0.361E-03 0.408E-05 0.455E-03 0.549E-08 0.685E-04 0.175E-12 0.262E-04 0.225E-16 0.873E-06 0.632E-07
  3  0.23630E-03  773.58 0.275E-15 0.837E+00 0.555E-10 0.450E-37 0.133E-25 0.115E-26 0.107E-30 0.100E-05 0.162E+00 0.361E-03 0.408E-05 0.455E-03 0.591E-08 0.685E-04 0.246E-12 0.264E-04 0.333E-16 0.107E-05 0.703E-07
  4  0.27240E-03  780.35 0.369E-15 0.837E+00 0.696E-10 0.450E-37 0.229E-25 0.233E-26 0.241E-30 0.952E-06 0.162E+00 0.360E-03 0.403E-05 0.456E-03 0.634E-08 0.685E-04 0.350E-12 0.266E-04 0.503E-16 0.139E-05 0.805E-07
  5  0.31390E-03  787.12 0.494E-15 0.837E+00 0.869E-10 0.450E-37 0.392E-25 0.462E-26 0.534E-30 0.906E-06 0.162E+00 0.360E-03 0.399E-05 0.456E-03 0.681E-08 0.685E-04 0.494E-12 0.268E-04 0.755E-16 0.180E-05 0.929E-07
  6  0.36190E-03  793.53 0.639E-15 0.837E+00 0.106E-09 0.450E-37 0.641E-25 0.865E-26 0.111E-29 0.865E-06 0.162E+00 0.361E-03 0.401E-05 0.455E-03 0.735E-08 0.685E-04 0.684E-12 0.269E-04 0.109E-15 0.217E-05 0.105E-06
  7  0.41710E-03  799.86 0.826E-15 0.837E+00 0.129E-09 0.450E-37 0.104E-24 0.159E-25 0.224E-29 0.829E-06 0.162E+00 0.360E-03 0.411E-05 0.456E-03 0.794E-08 0.685E-04 0.947E-12 0.269E-04 0.155E-15 0.262E-05 0.119E-06
  8  0.48080E-03  805.12 0.940E-15 0.837E+00 0.149E-09 0.450E-37 0.145E-24 0.254E-25 0.389E-29 0.800E-06 0.162E+00 0.362E-03 0.436E-05 0.455E-03 0.868E-08 0.685E-04 0.125E-11 0.268E-04 0.202E-15 0.244E-05 0.116E-06
  9  0.55420E-03  808.12 0.972E-15 0.837E+00 0.157E-09 0.450E-37 0.173E-24 0.311E-25 0.497E-29 0.785E-06 0.162E+00 0.363E-03 0.508E-05 0.453E-03 0.971E-08 0.685E-04 0.153E-11 0.267E-04 0.220E-15 0.226E-05 0.113E-06
 10  0.63880E-03  810.48 0.978E-15 0.837E+00 0.161E-09 0.450E-37 0.198E-24 0.353E-25 0.584E-29 0.773E-06 0.162E+00 0.364E-03 0.609E-05 0.452E-03 0.109E-07 0.685E-04 0.182E-11 0.267E-04 0.228E-15 0.211E-05 0.110E-06
 11  0.73640E-03  813.48 0.102E-14 0.837E+00 0.170E-09 0.450E-37 0.237E-24 0.430E-25 0.744E-29 0.758E-06 0.162E+00 0.365E-03 0.712E-05 0.451E-03 0.122E-07 0.685E-04 0.223E-11 0.266E-04 0.248E-15 0.201E-05 0.108E-06
 12  0.84880E-03  817.05 0.108E-14 0.837E+00 0.182E-09 0.450E-37 0.295E-24 0.556E-25 0.102E-28 0.741E-06 0.162E+00 0.366E-03 0.817E-05 0.451E-03 0.136E-07 0.685E-04 0.278E-11 0.266E-04 0.280E-15 0.196E-05 0.107E-06
 13  0.97840E-03  819.98 0.113E-14 0.837E+00 0.191E-09 0.450E-37 0.354E-24 0.670E-25 0.128E-28 0.727E-06 0.162E+00 0.367E-03 0.963E-05 0.450E-03 0.153E-07 0.685E-04 0.338E-11 0.266E-04 0.302E-15 0.193E-05 0.107E-06
 14  0.11278E-02  821.05 0.107E-14 0.837E+00 0.185E-09 0.450E-37 0.370E-24 0.649E-25 0.125E-28 0.721E-06 0.162E+00 0.373E-03 0.118E-04 0.442E-03 0.174E-07 0.685E-04 0.380E-11 0.265E-04 0.283E-15 0.182E-05 0.103E-06
 15  0.13000E-02  821.83 0.100E-14 0.837E+00 0.178E-09 0.450E-37 0.379E-24 0.608E-25 0.118E-28 0.717E-06 0.162E+00 0.380E-03 0.147E-04 0.433E-03 0.199E-07 0.685E-04 0.421E-11 0.265E-04 0.260E-15 0.172E-05 0.996E-07
 16  0.14985E-02  823.71 0.992E-15 0.837E+00 0.178E-09 0.450E-37 0.420E-24 0.644E-25 0.128E-28 0.708E-06 0.162E+00 0.386E-03 0.175E-04 0.426E-03 0.226E-07 0.685E-04 0.485E-11 0.266E-04 0.259E-15 0.168E-05 0.979E-07
 17  0.17273E-02  826.88 0.105E-14 0.837E+00 0.188E-09 0.450E-37 0.512E-24 0.788E-25 0.164E-28 0.694E-06 0.162E+00 0.391E-03 0.201E-04 0.422E-03 0.252E-07 0.685E-04 0.587E-11 0.266E-04 0.283E-15 0.173E-05 0.988E-07
 18  0.19910E-02  831.50 0.119E-14 0.837E+00 0.210E-09 0.450E-37 0.693E-24 0.113E-24 0.250E-28 0.674E-06 0.162E+00 0.392E-03 0.221E-04 0.420E-03 0.278E-07 0.685E-04 0.750E-11 0.267E-04 0.343E-15 0.190E-05 0.103E-06
 19  0.22950E-02  838.73 0.153E-14 0.837E+00 0.257E-09 0.450E-37 0.113E-23 0.214E-24 0.527E-28 0.645E-06 0.162E+00 0.389E-03 0.228E-04 0.425E-03 0.300E-07 0.685E-04 0.106E-10 0.269E-04 0.497E-15 0.234E-05 0.114E-06
 20  0.26454E-02  846.92 0.208E-14 0.837E+00 0.325E-09 0.450E-37 0.198E-23 0.445E-24 0.123E-27 0.615E-06 0.162E+00 0.381E-03 0.231E-04 0.434E-03 0.321E-07 0.685E-04 0.155E-10 0.271E-04 0.763E-15 0.311E-05 0.132E-06
 21  0.30493E-02  854.72 0.266E-14 0.837E+00 0.404E-09 0.450E-37 0.322E-23 0.867E-24 0.268E-27 0.588E-06 0.162E+00 0.379E-03 0.233E-04 0.438E-03 0.345E-07 0.685E-04 0.219E-10 0.272E-04 0.113E-14 0.345E-05 0.140E-06
 22  0.35148E-02  862.13 0.318E-14 0.837E+00 0.492E-09 0.450E-37 0.484E-23 0.158E-23 0.538E-27 0.559E-06 0.162E+00 0.386E-03 0.226E-04 0.427E-03 0.372E-07 0.685E-04 0.294E-10 0.271E-04 0.161E-14 0.318E-05 0.136E-06
 23  0.40515E-02  869.42 0.379E-14 0.837E+00 0.593E-09 0.450E-37 0.722E-23 0.282E-23 0.105E-26 0.534E-06 0.162E+00 0.392E-03 0.224E-04 0.419E-03 0.403E-07 0.685E-04 0.394E-10 0.271E-04 0.226E-14 0.303E-05 0.134E-06
 24  0.46701E-02  876.65 0.453E-14 0.837E+00 0.712E-09 0.450E-37 0.107E-22 0.495E-23 0.203E-26 0.512E-06 0.162E+00 0.395E-03 0.227E-04 0.416E-03 0.436E-07 0.685E-04 0.531E-10 0.270E-04 0.313E-14 0.299E-05 0.134E-06
 25  0.53831E-02  883.79 0.541E-14 0.837E+00 0.847E-09 0.450E-37 0.159E-22 0.855E-23 0.383E-26 0.493E-06 0.162E+00 0.396E-03 0.235E-04 0.416E-03 0.474E-07 0.685E-04 0.717E-10 0.271E-04 0.428E-14 0.303E-05 0.136E-06
 26  0.62050E-02  890.48 0.637E-14 0.837E+00 0.990E-09 0.450E-37 0.230E-22 0.140E-22 0.684E-26 0.477E-06 0.162E+00 0.395E-03 0.250E-04 0.418E-03 0.516E-07 0.685E-04 0.960E-10 0.271E-04 0.566E-14 0.315E-05 0.138E-06
 27  0.71524E-02  895.74 0.713E-14 0.837E+00 0.110E-08 0.450E-37 0.307E-22 0.199E-22 0.104E-25 0.466E-06 0.162E+00 0.394E-03 0.281E-04 0.421E-03 0.570E-07 0.685E-04 0.123E-09 0.272E-04 0.680E-14 0.330E-05 0.142E-06
 28  0.82445E-02  900.61 0.788E-14 0.837E+00 0.120E-08 0.450E-37 0.400E-22 0.272E-22 0.151E-25 0.456E-06 0.162E+00 0.392E-03 0.322E-04 0.425E-03 0.632E-07 0.685E-04 0.157E-09 0.272E-04 0.795E-14 0.349E-05 0.145E-06
 29  0.95032E-02  906.29 0.883E-14 0.837E+00 0.135E-08 0.450E-37 0.537E-22 0.397E-22 0.235E-25 0.443E-06 0.162E+00 0.393E-03 0.353E-04 0.424E-03 0.696E-07 0.685E-04 0.202E-09 0.272E-04 0.972E-14 0.349E-05 0.146E-06
 30  0.10954E-01  912.56 0.100E-13 0.837E+00 0.154E-08 0.450E-37 0.737E-22 0.601E-22 0.383E-25 0.425E-06 0.162E+00 0.399E-03 0.368E-04 0.414E-03 0.763E-07 0.685E-04 0.258E-09 0.272E-04 0.122E-13 0.349E-05 0.146E-06
 31  0.12627E-01  919.82 0.118E-13 0.837E+00 0.180E-08 0.450E-37 0.106E-21 0.986E-22 0.681E-25 0.406E-06 0.162E+00 0.406E-03 0.370E-04 0.403E-03 0.831E-07 0.685E-04 0.336E-09 0.272E-04 0.163E-13 0.349E-05 0.147E-06
 32  0.14555E-01  928.40 0.143E-13 0.837E+00 0.220E-08 0.450E-37 0.162E-21 0.180E-21 0.137E-24 0.388E-06 0.162E+00 0.409E-03 0.368E-04 0.399E-03 0.896E-07 0.685E-04 0.457E-09 0.272E-04 0.232E-13 0.349E-05 0.148E-06
 33  0.16777E-01  937.39 0.176E-13 0.837E+00 0.270E-08 0.450E-37 0.251E-21 0.338E-21 0.286E-24 0.372E-06 0.162E+00 0.410E-03 0.371E-04 0.400E-03 0.965E-07 0.685E-04 0.632E-09 0.272E-04 0.335E-13 0.349E-05 0.149E-06
 34  0.19338E-01  946.63 0.217E-13 0.837E+00 0.331E-08 0.450E-37 0.391E-21 0.641E-21 0.601E-24 0.359E-06 0.162E+00 0.407E-03 0.382E-04 0.407E-03 0.104E-06 0.685E-04 0.887E-09 0.272E-04 0.485E-13 0.349E-05 0.150E-06
 35  0.22291E-01  956.29 0.269E-13 0.837E+00 0.410E-08 0.450E-37 0.615E-21 0.123E-20 0.129E-23 0.345E-06 0.162E+00 0.405E-03 0.386E-04 0.411E-03 0.112E-06 0.685E-04 0.124E-08 0.272E-04 0.711E-13 0.349E-05 0.151E-06
 36  0.25694E-01  966.50 0.336E-13 0.837E+00 0.513E-08 0.450E-37 0.982E-21 0.244E-20 0.285E-23 0.330E-06 0.162E+00 0.403E-03 0.384E-04 0.413E-03 0.120E-06 0.685E-04 0.176E-08 0.272E-04 0.106E-12 0.349E-05 0.152E-06
 37  0.29618E-01  976.23 0.413E-13 0.837E+00 0.630E-08 0.450E-37 0.152E-20 0.459E-20 0.594E-23 0.316E-06 0.162E+00 0.399E-03 0.393E-04 0.417E-03 0.129E-06 0.685E-04 0.247E-08 0.272E-04 0.153E-12 0.349E-05 0.153E-06
 38  0.34140E-01  985.82 0.502E-13 0.837E+00 0.766E-08 0.450E-37 0.231E-20 0.833E-20 0.119E-22 0.299E-06 0.162E+00 0.403E-03 0.386E-04 0.407E-03 0.139E-06 0.685E-04 0.334E-08 0.272E-04 0.217E-12 0.349E-05 0.153E-06
 39  0.39352E-01  996.34 0.623E-13 0.837E+00 0.949E-08 0.450E-37 0.364E-20 0.160E-19 0.253E-22 0.285E-06 0.162E+00 0.405E-03 0.380E-04 0.404E-03 0.149E-06 0.684E-04 0.461E-08 0.272E-04 0.318E-12 0.349E-05 0.154E-06
 40  0.45361E-01 1008.19 0.796E-13 0.837E+00 0.121E-07 0.450E-37 0.599E-20 0.332E-19 0.588E-22 0.272E-06 0.162E+00 0.409E-03 0.359E-04 0.401E-03 0.159E-06 0.684E-04 0.643E-08 0.272E-04 0.492E-12 0.349E-05 0.156E-06
 41  0.52286E-01 1021.40 0.105E-12 0.837E+00 0.159E-07 0.450E-37 0.103E-19 0.744E-19 0.149E-21 0.257E-06 0.162E+00 0.413E-03 0.331E-04 0.396E-03 0.168E-06 0.684E-04 0.915E-08 0.272E-04 0.799E-12 0.349E-05 0.157E-06
 42  0.60270E-01 1035.78 0.141E-12 0.837E+00 0.213E-07 0.450E-37 0.183E-19 0.177E-18 0.407E-21 0.243E-06 0.162E+00 0.412E-03 0.305E-04 0.397E-03 0.177E-06 0.684E-04 0.134E-07 0.272E-04 0.135E-11 0.349E-05 0.159E-06
 43  0.69472E-01 1051.33 0.193E-12 0.837E+00 0.291E-07 0.450E-37 0.335E-19 0.447E-18 0.118E-20 0.229E-06 0.162E+00 0.408E-03 0.282E-04 0.402E-03 0.186E-06 0.684E-04 0.202E-07 0.272E-04 0.234E-11 0.349E-05 0.160E-06
 44  0.80079E-01 1068.03 0.268E-12 0.837E+00 0.404E-07 0.450E-37 0.631E-19 0.118E-17 0.365E-20 0.217E-06 0.162E+00 0.400E-03 0.261E-04 0.411E-03 0.194E-06 0.684E-04 0.313E-07 0.272E-04 0.421E-11 0.349E-05 0.162E-06
 45  0.92305E-01 1085.89 0.379E-12 0.837E+00 0.568E-07 0.450E-37 0.121E-18 0.327E-17 0.118E-19 0.204E-06 0.162E+00 0.388E-03 0.245E-04 0.427E-03 0.202E-06 0.684E-04 0.497E-07 0.272E-04 0.774E-11 0.349E-05 0.164E-06
 46  0.10640E+00 1104.95 0.544E-12 0.837E+00 0.809E-07 0.450E-37 0.239E-18 0.931E-17 0.396E-19 0.192E-06 0.162E+00 0.380E-03 0.221E-04 0.437E-03 0.209E-06 0.684E-04 0.734E-07 0.272E-04 0.146E-10 0.350E-05 0.166E-06
 47  0.12264E+00 1125.81 0.802E-12 0.837E+00 0.118E-06 0.450E-37 0.487E-18 0.278E-16 0.139E-18 0.179E-06 0.162E+00 0.384E-03 0.182E-04 0.431E-03 0.215E-06 0.684E-04 0.852E-07 0.272E-04 0.285E-10 0.350E-05 0.169E-06
 48  0.14137E+00 1149.34 0.123E-11 0.837E+00 0.179E-06 0.450E-37 0.106E-17 0.926E-16 0.554E-18 0.167E-06 0.162E+00 0.383E-03 0.148E-04 0.431E-03 0.220E-06 0.684E-04 0.102E-06 0.272E-04 0.597E-10 0.351E-05 0.173E-06
 49  0.16295E+00 1176.21 0.197E-11 0.837E+00 0.285E-06 0.450E-37 0.247E-17 0.352E-15 0.257E-17 0.154E-06 0.162E+00 0.378E-03 0.118E-04 0.438E-03 0.222E-06 0.684E-04 0.126E-06 0.272E-04 0.136E-09 0.352E-05 0.177E-06
 50  0.18783E+00 1206.33 0.330E-11 0.837E+00 0.469E-06 0.450E-37 0.610E-17 0.149E-14 0.134E-16 0.142E-06 0.162E+00 0.369E-03 0.924E-05 0.450E-03 0.222E-06 0.684E-04 0.152E-06 0.272E-04 0.329E-09 0.354E-05 0.182E-06
 51  0.21651E+00 1249.20 0.682E-11 0.837E+00 0.939E-06 0.450E-37 0.208E-16 0.106E-13 0.126E-15 0.127E-06 0.162E+00 0.365E-03 0.578E-05 0.454E-03 0.211E-06 0.684E-04 0.136E-06 0.272E-04 0.112E-08 0.357E-05 0.192E-06
 52  0.24957E+00 1300.09 0.153E-10 0.837E+00 0.203E-05 0.450E-37 0.799E-16 0.930E-13 0.152E-14 0.112E-06 0.162E+00 0.358E-03 0.339E-05 0.461E-03 0.197E-06 0.684E-04 0.121E-06 0.272E-04 0.442E-08 0.360E-05 0.204E-06
 53  0.28768E+00 1352.69 0.329E-10 0.837E+00 0.424E-05 0.450E-37 0.288E-15 0.727E-12 0.159E-13 0.998E-07 0.162E+00 0.357E-03 0.201E-05 0.462E-03 0.185E-06 0.684E-04 0.107E-06 0.272E-04 0.161E-07 0.364E-05 0.215E-06
 54  0.33160E+00 1407.03 0.683E-10 0.837E+00 0.852E-05 0.450E-37 0.980E-15 0.512E-11 0.147E-12 0.898E-07 0.162E+00 0.357E-03 0.123E-05 0.463E-03 0.176E-06 0.684E-04 0.934E-07 0.271E-04 0.552E-07 0.367E-05 0.225E-06
 55  0.38223E+00 1463.15 0.136E-09 0.837E+00 0.166E-04 0.450E-37 0.311E-14 0.324E-10 0.113E-11 0.821E-07 0.162E+00 0.361E-03 0.774E-06 0.463E-03 0.169E-06 0.684E-04 0.812E-07 0.266E-04 0.177E-06 0.369E-05 0.231E-06
 56  0.44059E+00 1521.01 0.260E-09 0.837E+00 0.312E-04 0.952E-37 0.935E-14 0.185E-09 0.771E-11 0.771E-07 0.162E+00 0.372E-03 0.494E-06 0.464E-03 0.163E-06 0.684E-04 0.713E-07 0.258E-04 0.532E-06 0.370E-05 0.235E-06
 57  0.50786E+00 1580.64 0.480E-09 0.837E+00 0.568E-04 0.639E-36 0.266E-13 0.947E-09 0.452E-10 0.753E-07 0.162E+00 0.397E-03 0.315E-06 0.464E-03 0.159E-06 0.684E-04 0.627E-07 0.244E-04 0.151E-05 0.371E-05 0.238E-06
 58  0.58540E+00 1642.10 0.861E-09 0.837E+00 0.101E-03 0.134E-34 0.717E-13 0.287E-08 0.238E-09 0.762E-07 0.162E+00 0.436E-03 0.201E-06 0.464E-03 0.156E-06 0.684E-04 0.549E-07 0.234E-04 0.403E-05 0.371E-05 0.239E-06
 59  0.67478E+00 1705.19 0.149E-08 0.836E+00 0.172E-03 0.441E-33 0.184E-12 0.709E-08 0.113E-08 0.782E-07 0.162E+00 0.484E-03 0.131E-06 0.464E-03 0.155E-06 0.684E-04 0.482E-07 0.227E-04 0.101E-04 0.372E-05 0.239E-06
 60  0.77781E+00 1750.81 0.212E-08 0.836E+00 0.243E-03 0.453E-32 0.348E-12 0.717E-08 0.320E-08 0.745E-07 0.162E+00 0.486E-03 0.115E-06 0.464E-03 0.161E-06 0.684E-04 0.450E-07 0.226E-04 0.171E-04 0.372E-05 0.239E-06
 61  0.89657E+00 1786.86 0.272E-08 0.836E+00 0.310E-03 0.253E-31 0.564E-12 0.723E-08 0.678E-08 0.720E-07 0.162E+00 0.488E-03 0.112E-06 0.464E-03 0.171E-06 0.684E-04 0.440E-07 0.226E-04 0.260E-04 0.372E-05 0.239E-06
 62  0.10335E+01 1813.56 0.319E-08 0.836E+00 0.361E-03 0.832E-31 0.795E-12 0.715E-08 0.111E-07 0.702E-07 0.162E+00 0.489E-03 0.119E-06 0.464E-03 0.187E-06 0.684E-04 0.443E-07 0.226E-04 0.314E-04 0.372E-05 0.238E-06
 63  0.11912E+01 1839.39 0.368E-08 0.836E+00 0.415E-03 0.253E-30 0.110E-11 0.695E-08 0.175E-07 0.684E-07 0.162E+00 0.489E-03 0.128E-06 0.464E-03 0.204E-06 0.684E-04 0.438E-07 0.225E-04 0.334E-04 0.372E-05 0.238E-06
 64  0.13731E+01 1865.91 0.425E-08 0.836E+00 0.477E-03 0.765E-30 0.151E-11 0.676E-08 0.275E-07 0.666E-07 0.162E+00 0.489E-03 0.139E-06 0.464E-03 0.224E-06 0.684E-04 0.435E-07 0.225E-04 0.374E-04 0.371E-05 0.237E-06
 65  0.15828E+01 1895.58 0.500E-08 0.836E+00 0.559E-03 0.258E-29 0.215E-11 0.656E-08 0.456E-07 0.648E-07 0.162E+00 0.489E-03 0.147E-06 0.464E-03 0.244E-06 0.683E-04 0.429E-07 0.225E-04 0.449E-04 0.371E-05 0.237E-06
 66  0.18244E+01 1928.13 0.597E-08 0.836E+00 0.663E-03 0.948E-29 0.311E-11 0.619E-08 0.623E-07 0.630E-07 0.162E+00 0.489E-03 0.154E-06 0.464E-03 0.264E-06 0.683E-04 0.416E-07 0.224E-04 0.471E-04 0.371E-05 0.235E-06
 67  0.21030E+01 1964.92 0.730E-08 0.836E+00 0.805E-03 0.396E-28 0.465E-11 0.579E-08 0.936E-07 0.610E-07 0.162E+00 0.489E-03 0.159E-06 0.464E-03 0.285E-06 0.683E-04 0.400E-07 0.223E-04 0.501E-04 0.371E-05 0.234E-06
 68  0.24241E+01 2007.83 0.922E-08 0.836E+00 0.101E-02 0.200E-27 0.732E-11 0.534E-08 0.149E-06 0.589E-07 0.162E+00 0.489E-03 0.158E-06 0.464E-03 0.306E-06 0.683E-04 0.379E-07 0.222E-04 0.546E-04 0.371E-05 0.233E-06
 69  0.27942E+01 2056.12 0.119E-07 0.835E+00 0.129E-02 0.116E-26 0.119E-10 0.479E-08 0.148E-06 0.567E-07 0.162E+00 0.488E-03 0.154E-06 0.464E-03 0.326E-06 0.683E-04 0.351E-07 0.220E-04 0.546E-04 0.371E-05 0.230E-06
 70  0.32208E+01 2111.24 0.158E-07 0.835E+00 0.170E-02 0.788E-26 0.201E-10 0.423E-08 0.147E-06 0.545E-07 0.162E+00 0.488E-03 0.146E-06 0.464E-03 0.345E-06 0.682E-04 0.317E-07 0.218E-04 0.546E-04 0.370E-05 0.227E-06
 71  0.37126E+01 2178.32 0.222E-07 0.834E+00 0.236E-02 0.731E-25 0.367E-10 0.360E-08 0.145E-06 0.521E-07 0.162E+00 0.488E-03 0.132E-06 0.464E-03 0.360E-06 0.682E-04 0.271E-07 0.213E-04 0.545E-04 0.370E-05 0.222E-06
 72  0.42795E+01 2251.88 0.315E-07 0.833E+00 0.332E-02 0.728E-24 0.678E-10 0.301E-08 0.141E-06 0.498E-07 0.162E+00 0.487E-03 0.119E-06 0.464E-03 0.375E-06 0.681E-04 0.227E-07 0.207E-04 0.545E-04 0.369E-05 0.214E-06
 73  0.49329E+01 2326.13 0.435E-07 0.832E+00 0.455E-02 0.636E-23 0.121E-09 0.252E-08 0.137E-06 0.477E-07 0.162E+00 0.487E-03 0.109E-06 0.463E-03 0.393E-06 0.681E-04 0.193E-07 0.200E-04 0.544E-04 0.368E-05 0.205E-06
 74  0.56860E+01 2400.16 0.587E-07 0.831E+00 0.610E-02 0.480E-22 0.208E-09 0.212E-08 0.132E-06 0.458E-07 0.162E+00 0.486E-03 0.102E-06 0.463E-03 0.414E-06 0.680E-04 0.166E-07 0.193E-04 0.543E-04 0.367E-05 0.196E-06
 75  0.65542E+01 2474.14 0.774E-07 0.829E+00 0.798E-02 0.319E-21 0.343E-09 0.179E-08 0.126E-06 0.442E-07 0.162E+00 0.485E-03 0.982E-07 0.462E-03 0.439E-06 0.679E-04 0.143E-07 0.186E-04 0.542E-04 0.365E-05 0.183E-06
 76  0.75549E+01 2548.19 0.100E-06 0.827E+00 0.103E-01 0.189E-20 0.550E-09 0.152E-08 0.119E-06 0.427E-07 0.161E+00 0.484E-03 0.961E-07 0.462E-03 0.466E-06 0.678E-04 0.126E-07 0.178E-04 0.541E-04 0.363E-05 0.171E-06
 77  0.87084E+01 2622.04 0.127E-06 0.824E+00 0.129E-01 0.100E-19 0.858E-09 0.130E-08 0.112E-06 0.414E-07 0.161E+00 0.483E-03 0.959E-07 0.461E-03 0.498E-06 0.677E-04 0.112E-07 0.171E-04 0.540E-04 0.361E-05 0.160E-06
 78  0.10038E+02 2695.38 0.158E-06 0.822E+00 0.160E-01 0.475E-19 0.130E-08 0.112E-08 0.104E-06 0.402E-07 0.161E+00 0.482E-03 0.974E-07 0.461E-03 0.535E-06 0.676E-04 0.102E-07 0.164E-04 0.538E-04 0.358E-05 0.148E-06
 79  0.11571E+02 2768.29 0.193E-06 0.818E+00 0.195E-01 0.205E-18 0.191E-08 0.974E-09 0.965E-07 0.392E-07 0.161E+00 0.480E-03 0.100E-06 0.460E-03 0.574E-06 0.674E-04 0.905E-08 0.156E-04 0.536E-04 0.354E-05 0.134E-06
 80  0.13337E+02 2840.87 0.233E-06 0.814E+00 0.233E-01 0.809E-18 0.276E-08 0.850E-09 0.888E-07 0.382E-07 0.160E+00 0.478E-03 0.105E-06 0.459E-03 0.619E-06 0.672E-04 0.817E-08 0.148E-04 0.534E-04 0.349E-05 0.122E-06
 81  0.15374E+02 2913.28 0.278E-06 0.810E+00 0.276E-01 0.295E-17 0.390E-08 0.747E-09 0.813E-07 0.373E-07 0.160E+00 0.477E-03 0.111E-06 0.458E-03 0.669E-06 0.670E-04 0.748E-08 0.140E-04 0.532E-04 0.344E-05 0.111E-06
 82  0.17721E+02 2985.57 0.328E-06 0.806E+00 0.323E-01 0.100E-16 0.542E-08 0.660E-09 0.741E-07 0.365E-07 0.160E+00 0.475E-03 0.118E-06 0.456E-03 0.725E-06 0.667E-04 0.693E-08 0.133E-04 0.530E-04 0.338E-05 0.101E-06
 83  0.20427E+02 3057.71 0.383E-06 0.801E+00 0.373E-01 0.317E-16 0.741E-08 0.586E-09 0.672E-07 0.357E-07 0.159E+00 0.472E-03 0.128E-06 0.455E-03 0.787E-06 0.665E-04 0.649E-08 0.127E-04 0.528E-04 0.331E-05 0.915E-07
 84  0.23545E+02 3129.75 0.444E-06 0.796E+00 0.426E-01 0.944E-16 0.999E-08 0.523E-09 0.609E-07 0.350E-07 0.159E+00 0.470E-03 0.140E-06 0.454E-03 0.857E-06 0.662E-04 0.617E-08 0.122E-04 0.525E-04 0.324E-05 0.836E-07
 85  0.27140E+02 3201.72 0.509E-06 0.792E+00 0.483E-01 0.266E-15 0.133E-07 0.469E-09 0.551E-07 0.344E-07 0.158E+00 0.468E-03 0.154E-06 0.453E-03 0.935E-06 0.660E-04 0.594E-08 0.117E-04 0.523E-04 0.318E-05 0.767E-07
 86  0.31284E+02 3274.03 0.580E-06 0.786E+00 0.543E-01 0.714E-15 0.174E-07 0.422E-09 0.496E-07 0.338E-07 0.158E+00 0.466E-03 0.171E-06 0.451E-03 0.102E-05 0.656E-04 0.570E-08 0.113E-04 0.520E-04 0.309E-05 0.700E-07
 87  0.36061E+02 3346.92 0.654E-06 0.779E+00 0.605E-01 0.185E-14 0.226E-07 0.381E-09 0.447E-07 0.332E-07 0.157E+00 0.464E-03 0.190E-06 0.449E-03 0.111E-05 0.651E-04 0.541E-08 0.107E-04 0.517E-04 0.299E-05 0.634E-07
 88  0.41567E+02 3420.37 0.734E-06 0.773E+00 0.670E-01 0.461E-14 0.290E-07 0.346E-09 0.402E-07 0.327E-07 0.157E+00 0.461E-03 0.212E-06 0.447E-03 0.121E-05 0.647E-04 0.518E-08 0.102E-04 0.513E-04 0.288E-05 0.577E-07
 89  0.47913E+02 3494.30 0.817E-06 0.766E+00 0.738E-01 0.111E-13 0.368E-07 0.314E-09 0.361E-07 0.322E-07 0.156E+00 0.458E-03 0.239E-06 0.445E-03 0.132E-05 0.642E-04 0.501E-08 0.976E-05 0.510E-04 0.277E-05 0.527E-07
 90  0.55229E+02 3568.71 0.878E-06 0.760E+00 0.785E-01 0.216E-13 0.444E-07 0.291E-09 0.330E-07 0.318E-07 0.155E+00 0.455E-03 0.278E-06 0.443E-03 0.146E-05 0.637E-04 0.502E-08 0.948E-05 0.506E-04 0.267E-05 0.492E-07
 91  0.63661E+02 3643.85 0.939E-06 0.755E+00 0.830E-01 0.405E-13 0.533E-07 0.271E-09 0.303E-07 0.315E-07 0.155E+00 0.454E-03 0.327E-06 0.442E-03 0.162E-05 0.632E-04 0.511E-08 0.932E-05 0.503E-04 0.259E-05 0.466E-07
